arg_percent
7.85715688778016e-05
0
0
0
2.84733987272391e-06
2.22851778496475e-05
0
5.2447635803617e-05
5.88065792800899e-05
0.00445143224554826
0.000781856007774164
0.000388364596683366
8.29036162557411e-05
0.000151363787727424
0
4.27063395619882e-05
0
1.86046511627907e-05
9.98153416180067e-05
3.25330210163316e-05
0.000109167657262075
3.37272264568629e-05
0
0
0.000645855758880517
2.10141425179146e-05
7.34672886897109e-06
0
0
0
0
7.41207426898418e-06
0
3.28925728570489e-06
0
1.57747367590803e-05
5.98111164941116e-06
3.8597421177633e-05
0.000704630937480896
0.000651716448380916
0.0012010481875091
0.000964024363524824
3.78919926641102e-05
2.40121405382561e-06
1.88791588608606e-05
9.48529620999181e-06
0
0
0
0
2.03773892488894e-05
0
0
0
0
0
0.000144714309833337
0.000206157229246839
3.97511577524695e-05
9.88142292490119e-05
4.52018261537766e-05
2.96094513368667e-05
0
0
0.00112107623318386
0.000516241759987292
0.000142950173922712
3.25966490644762e-05
0.000660904931367565
0.000230556409468183
0.000458365164247517
0.00113263439142683
0
8.82430802717887e-05
0.00011220616011819
0.000107679054885553
0.00068036467546605
0
0.000203194848229079
1.47084779667e-05
0
0
2.82119280031597e-05
0
6.48647246168116e-06
0.000133112465242856
0.000598305849751756
0
8.26535082281567e-06
0
0
0
2.5282532298435e-05
5.09398400489022e-05
0
0
1.61447864448373e-05
0
2.56877905931311e-05
0
2.98278189153114e-05
5.86983637831095e-06
1.49454491107458e-05
0.000598305849751756
6.50596922676556e-05
0
1.55677358674148e-05
0.000182722301256868
0.000444113406250249
0.000467760743673701
0.00121999333504426
0.000672477393660432
0.0140156754264638
0.0160242894492705
0.000709705534458071
0.000450544181375698
0.000430963288382787
0.00083795755840916
0.000390228125252681
0.00150348403511984
0.000685136476035974
0.00045173782861657
0.000443820214458311
0.000642256136064751
0.000340171340202704
0.000532402972583264
0.000396397189984364
0.000899653979238754
0.000665094624826168
0.00118372515553598
0.00115210533534495
0.00125836148089277
0.00115247943144348
0.00210885720024101
0.000840502323741719
0.000966540637348267
0.000831188331188331
0.00383568423657511
0.00321449444769141
0.000775928959393051
0
7.94647256083025e-06
8.6400552963539e-05
0.000163692912096906
0.000161043562283598
7.79787897691828e-05
0
0.00015756716300323
0
6.64010624169987e-05
0.000239463601532567
0
0.000567319452426212
3.89301981547086e-05
8.62366333218351e-05
3.10301224914085e-05
4.02511672838512e-05
0
0
0
0.000339328130302002
0.00012758356723654
0
0.000178205470907957
0.000221803260507929
9.09752547307133e-05
8.7123192193762e-05
1.44564031023441e-05
0.00108737301036629
0.00163341226856736
0.0355603448275862
0.0295887212643678
4.43587600020473e-05
0
0
0
0
0
0
0
0
0
8.69867780097425e-05
0.000100816614578082
0.000120975058975341
6.51437505428646e-05
0
0.0422216442646628
0.00988783197186049
3.86189850930718e-05
0.000119770041520281
0.000113488770916611
3.8312219043727e-05
1.52276534186082e-05
6.05849476697515e-05
0
9.87966567211366e-05
8.2058688373925e-05
3.27761389708292e-05
6.55877482086346e-05
0.000245472913008176
0.000137308748528835
5.01563205323258e-05
6.77048070412999e-05
0.000314518158181666
0
6.82738326881456e-06
0.000320752087275116
0
0
0
2.32315558869924e-06
0
6.55877482086346e-05
0.0045938955955386
0.0045938955955386
0.00127372469890914
5.1513549419117e-05
0
8.37815647045024e-05
5.07125107764085e-05
5.1727323111029e-05
0.000148470584265492
0.000159334739525638
0
2.48609856552113e-05
0.000301826537368073
0.00011257204610951
6.84259744999202e-05
3.70268497556228e-05
1.37488227570514e-05
0.00251996378818792
0.000278798997479253
6.6990703179081e-05
4.26093996335592e-05
9.02783151487013e-05
0.000220957852289676
3.10120792048503e-05
6.48641636306635e-05
3.86197308204762e-05
1.00717105793248e-05
0.000120975058975341
2.00438961325302e-05
4.55788514129444e-05
4.01349681643699e-05
2.3057944614817e-05
2.70953757225434e-05
9.84659012583942e-06
6.48352259044514e-05
3.71260708551062e-05
1.80206155842284e-05
9.8646082517448e-05
0.000155860349127182
1.88791588608606e-05
1.88791588608606e-05
2.40121405382561e-06
0
3.78919926641102e-05
3.78919926641102e-05
3.78919926641102e-05
3.78919926641102e-05
3.78919926641102e-05
3.78919926641102e-05
4.91267716342021e-05
4.22162315379373e-05
2.61226195762911e-05
7.23269176678587e-05
7.51591494990643e-05
0.00088263465051009
4.43587600020473e-05
0.000785353163500712
0.000755401117993655
0.000590761532157409
0.000755816408394207
0.000388364596683366
8.29036162557411e-05
0
0.000107768447056678
2.6270438401076e-05
0
0
6.32813488771076e-05
1.13656167362495e-05
0
0.000741738400577775
0
0
0.00024975024975025
0
0.000339328130302002
0
0.000278953664933511
0.000925186088565541
0
0.00197628458498024
0
0
0.000221803260507929
9.09752547307133e-05
8.7123192193762e-05
0.000178205470907957
0.000127599846880184
0.0295887212643678
0
0
0
0
0
8.69867780097425e-05
0
0
0.000120975058975341
0
0
0
1.37488227570514e-05
1.003774190958e-05
0
0
8.67438108290973e-05
4.68197673057565e-05
0.000245472913008176
0.000137308748528835
0
0
0
0
0
0
0
0
0
0
0
0
0
0.000676132521974307
0
0
0
0
0
0
1.7224998368158e-05
0.000294821969508379
0.00161681487469685
0
0
0.0289304321176831
0.00627659324384682
0
0
1.83668221724277e-05
3.52530996287849e-05
0.000169855622720687
7.81555295037124e-05
0.000561778027456901
0
3.14067063787021e-05
0.000801616410076208
0.00762285375962108
6.7990209409845e-05
0.000224789328537828
0
0
2.66496109156806e-05
3.52752350212533e-06
1.64381760199888e-05
8.80351436293368e-06
0
7.41207426898418e-06
0
3.28925728570489e-06
0
7.40559715032622e-06
0
0
2.70408397803202e-06
0
0
0
1.13613124588152e-05
0
0
0
3.54138999557326e-05
4.09031413612565e-05
0
0.000123818564530109
0.000146063586347923
2.67916945746818e-05
3.88393255939504e-06
9.09876711705564e-05
0
4.16454968724232e-06
3.60019153018941e-06
0
0
0
0.00295420974889217
0
0.000261451579167538
0.00789889415481832
4.22743606002959e-05
5.52038863535993e-05
3.45859200719387e-05
1.6214813853937e-05
0.00138015641772734
2.70408397803202e-06
4.70033043322946e-06
5.26767084080806e-05
0.000192652449629412
6.27154864918682e-06
9.18909315902645e-06
0.000986302380030603
0.000418103898818856
0.000560794557341243
4.72603192907171e-05
0.00113398961119195
0.000452518393817614
0.000481557710664361
0
0.00228606734630831
0
0
2.37517843527995e-06
5.71479732471288e-06
5.99860832286909e-06
2.43406720459552e-05
9.6656179471194e-06
1.210230318932e-05
6.37087135681721e-06
6.48517893419327e-06
0
0
0
0
0
6.00817111271329e-05
0
3.48577802565533e-05
4.28267192007756e-05
7.14913391221459e-05
1.230012300123e-05
0.00108173076923077
0
0
5.58211712956373e-06
2.73182991626941e-05
0.00338111473186536
9.91806029188851e-06
0
9.19810886881657e-06
0
0
0
2.51188961082457e-05
0
0.000144107792628886
0.000361472202616305
0.000329155517469362
0.000273759226564307
0.0003936705457618
3.32959678582924e-05
0.000150026846909447
0.000140490062394116
0.0382810042156924
0.0290063689077798
0.000341147894435196
0.000911243132174923
0.000164876457686822
5.15012617809136e-05
1.37638670960993e-05
0
0
4.65224470807164e-05
0
0.000111800836270255
0.000344182434340582
0
0.000146113383985973
0
0
0.000242403595434951
0.000433792430322091
0.000616626034686235
0.000447702725390341
0.000577813904748847
0
0
0.00037049565875739
0.000146375379661141
0.000168024867680417
0.000187836260448392
0.000181320374970535
0.000177080353615845
0.000185902401239349
0.00032631159131286
1.79090578044689e-05
1.57802131906802e-05
0.000342610771066713
6.42445192845792e-05
0.000185739740383188
0.000217726430627888
5.18600336393591e-05
3.87966391025783e-05
3.26244465180772e-05
4.6749569236112e-05
0.000531394666492795
0.000580259968247703
4.94242079770672e-05
0.00025530828475384
0.000624219725343321
0.000114551633391134
1.26154311954383e-05
2.16219956237081e-05
0.00335941276872836
0.00108859000208818
0
0.000388349514563107
3.00506955233479e-06
3.16369595616383e-05
0.000781410651860991
0.000705583844563007
3.91803471378756e-05
0.000233341111370379
0.000302326836905469
0.000260872805873365
0.000318870288122082
0.000181738327098699
0
0.000115748778850383
0.000284583344113005
0.000223024208264061
0.000247831474597274
0.000242384178923594
0.00016068903458028
0.000129762887814085
0.000215727683538842
0.000158236952643996
0.000152480863651612
0.000152419662136416
0
0
0
0
0
1.92393462120351e-05
0
0
1.23102679945342e-05
0.00239867659222498
0.000188550284003865
0.000264853717007698
0.000249452590149394
0.000268579549905438
0.000135441054118375
0.000127725213939733
0.000190226735636052
0.00020205380129177
0.000303433606623865
0.000192387628773325
0.000215485046263185
4.54421521403254e-05
5.2952078369076e-05
0.000116563702063178
9.9331170121184e-05
0
0.000112981584001808
7.41853521022274e-05
6.06952642520067e-05
0.000178342879922788
0.000163890766803925
4.55321570859419e-05
3.71624850022828e-05
1.84324322331629e-05
3.32401501125179e-06
0.0019936405863252
6.29802242095982e-05
6.153088850603e-05
0.000377154807368747
0.000268739900857229
0.000276244358739166
0.00028062033452964
0.000263875211508224
1.364815562086e-05
2.40313516711032e-05
3.64316420955481e-05
6.71001335292657e-05
0.000508303836307681
0.000203153909838984
0.000225062830040053
0.000175755211570694
3.37506032920338e-06
0
3.60010080282248e-05
5.62203491716148e-05
6.51402143113051e-05
6.43367569679006e-05
2.21229149152692e-05
0.000459242250287026
8.23384108686702e-05
0.0014496728441014
0.000116308823187327
0
0
0
2.94377391816309e-05
0.000126571597333558
0.000110157569983551
0.000252715247569658
0.000192291513935126
0.000245563568389454
0.000238268077001889
0.0108535307315722
0.000139940849743923
0.00408416984342642
8.44188186430519e-06
3.09046406408386e-06
3.64501700140073e-05
9.53032324614022e-05
0
0
0
0
0.00179828233032586
0.000104943830645063
0.000143403245830038
0.000305055426013556
4.17048961548086e-05
0.000277227189365251
0.000259011667858943
0.00028410321078874
0
0.000202526003366
0.000151156546470694
0
2.96564302554901e-05
0
0.000113241733353465
0.000100522718134298
1.78146739469301e-05
2.69683526381791e-05
5.07397860810619e-05
8.95977062987187e-05
6.61550674781688e-05
0.000126919659855312
0
0.000202373090769657
0.000254362246283595
0.000234721050969555
0.000189837873183027
0.00021613630622117
0.00016858710950331
0.000270096360848738
3.11374914858422e-05
0.000474484331177508
0.000455123519007276
0
0
0
4.57289189683556e-05
0
0
0.000218842324105482
0.000617792421746293
0.000477554918815664
0
0
0.002710027100271
6.90464682731478e-05
0
0.000181719062329638
0
0
0
0.000152485513876182
0
0
0
0
0
0.00303306035790112
0.000132129111453037
0.000109394827812541
9.23116890995061e-06
6.69943434442685e-06
2.14550969341279e-05
9.61590979199633e-06
0.00297830095021983
0.000557330061165803
0.00010792280345353
0.000487387365968474
0.00152707757668192
0
6.46705037832245e-06
0
0
4.60998384200663e-06
2.88415978245195e-05
0.000280898876404494
0.00121296135851672
0
0.000492667114113128
0.000465058642582752
0.00595794489078085
0.00638600937909943
0.00553137671278669
0.0063519660425945
2.83985221409078e-06
6.34087263089146e-06
3.2004813523954e-06
0.000217812950535716
0.000445312849356315
0.00119211550274649
0.00199010475690318
0.00184978419184428
0.00355672984096337
0.00201353782880644
0.000327639490299215
0.00142825403878503
0.000364534443948273
0.000783846491503104
0.00583411024356136
0.00022014868503497
0.00056483498749294
0.0002719045959536
0.000746500777604977
0.00203940839001719
0.000849717514124294
0.000927387408412816
0.00181847512062063
0.00195096499038696
0.00207170669491926
0.000576693350176441
0.00185064060636374
0.0017261921514546
0.000779823493609251
0.000725864989112025
0.000545267281943575
0.000885614797818167
0.000990129645100405
0.00129937506246995
0.000391145526024437
0.00112339264579029
0.00111993817417331
0.00414790948373206
0.00205349246205614
0.00293241902012091
0.00237098773193469
0.000570899638060715
0.00295579891507457
0.00382962094568191
0.00246115239841714
0.00210977225142076
0.000652630217367019
0.000847621107519276
0.00144221769313721
0.000374692507778942
0.00165118354477656
0.00150787021468167
0.00123423222507019
0.00160824039124807
0.000702719763695591
0.000440930423595214
0.000449360525406153
0.000265022487937579
0.000765451577377
0.000247130963965216
0.000325115144947169
0.000741274789549041
0.000869400271885176
0.0004877399902452
0.000412713785741014
0.000806559078699125
0.000320410124959949
0.000643724739080423
0.000738116327133156
0.00101006971340046
0.00178633247940179
0.00170696096534547
0.00112700244183862
0.000799462761024591
0.000874675413420801
0.00100786866135613
0.00136255109566609
0.000928074245939675
0.000726867818313976
0.00124396927059694
0.000812692783657487
0.000772685565267784
0.000910008438260064
0.00128259337561663
0.000591577586088296
0.0008110300081103
0.00291552975843389
0.00286586635209215
0.00212416889733184
0.00323382274744712
0.00202981731644152
0.00179900604915784
0.00205015853554362
0.00285560801832113
0.00165174948275665
0.00128127143541227
0.00156735425004898
0.00196514667783987
0.00169101220140918
0.00203502158083358
0.0019415501905972
0.00210792334612451
0.000675467320597348
0.000686660351086894
0.000851114661569933
0.00120886981402003
0.00202367610292616
0.00150321283698891
0.000721747388414055
0.000204457166223676
0.000527642846210235
0.000363405357871055
0.000619728842665042
0.00161155276259757
0.0006678782923364
0.000414844125738799
0.000852611088666306
0.000558719243580101
0.000477534187106577
0.00019588638589618
0.000399876759293857
0.000502958579881657
0.000401498929336188
0.000474336423108089
0.000323809998256408
0.000375822110867523
0.000687093380284714
0.000317980578724653
0.000506301647288574
0.00056202816216791
0.000361190121450178
0.000415362888710437
0.000495599080168107
0.000258629607917514
0.000324773238685132
0.00018456864178776
0.00104395030796534
0.000248599238903869
0
0.00037215411558669
0.000481927710843373
0.00544393473085187
0.00043108093544563
0.000253874226476966
0.000386721529560994
0.000854335753951303
0.000455979378565247
0.000303172702329882
0.000102207686017989
0.000295766108161666
0.000137897220604909
0.000307638217456271
0.000111798464634419
0.000401074880680223
0.000131578947368421
0.000934907093607573
0.000616990982439487
0.00034794711203897
0.000136060592317112
0.00344197808373139
0.00655895056790913
0.000274356785757834
4.42184390891002e-05
0.000444915979328519
0.00863781482795318
0.000520938847567505
0.000217981491389731
0.000212482981687115
0.00151285930408472
2.04352712782262e-05
9.14829384319824e-05
0.000312539067383423
0.00043938216108426
7.78422138325614e-05
0
0
0
0
0
0
0
0
0.000150992234685073
0
0
0
0
0.00100351229302559
4.10399523936552e-05
0.000296419804548191
0
0
4.29129296657083e-05
9.34012048755429e-05
7.41234897338967e-05
8.49689863199932e-05
0
0
0
0
0
9.65161386120237e-05
0.00711828711828712
0.00141243720193421
0.0125411184210526
0.00306011128924913
0.000152800617023444
0.000135818422410816
1.32114072676213e-05
1.32114072676213e-05
1.4070886104692e-05
0.000118673624457315
0.00016759246804166
5.82899666775691e-05
0.000220778562955887
0.000247984867362892
0.000232345179631456
0.000232763344374644
0.000192098908647844
0
7.43632645473136e-05
0
0.000248849073037203
5.08729803426804e-05
0.000127975428717686
